n;Wynik 1;Wynik 2;Wynik 3;Wynik 4;Wynik 5;Wynik 6;Wynik 7;Wynik 8;Wynik 9;Wynik 10;Wynik 11;Wynik 12;Wynik 13;Wynik 14;Wynik 15;Wynik 16;Wynik 17;Wynik 18;Wynik 19;Wynik 20;Wynik 21;Wynik 22;Wynik 23;Wynik 24;Wynik 25;Wynik 26;Wynik 27;Wynik 28;Wynik 29;Wynik 30;Wynik 31;Wynik 32;Wynik 33;Wynik 34;Wynik 35;Wynik 36;Wynik 37;Wynik 38;Wynik 39;Wynik 40;Wynik 41;Wynik 42;Wynik 43;Wynik 44;Wynik 45;Wynik 46;Wynik 47;Wynik 48;Wynik 49;Wynik 50;
50;2.38761;2.13628;2.07345;1.94779;1.88496;2.01062;2.26195;2.19911;2.38761;1.82212;1.94779;2.26195;2.63894;2.07345;2.38761;2.07345;1.88496;1.75929;1.94779;2.01062;2.07345;1.69646;1.82212;2.19911;2.19911;1.63363;1.88496;1.94779;1.75929;1.88496;1.75929;2.01062;2.19911;2.32478;1.94779;1.82212;1.5708;2.07345;2.07345;1.94779;2.19911;1.82212;2.19911;2.26195;1.94779;1.82212;1.94779;1.88496;1.75929;2.45044;
100;2.23053;2.10487;1.91637;1.79071;1.88496;1.85354;1.91637;2.04204;1.91637;1.9792;2.01062;2.1677;2.19911;2.13628;1.85354;2.19911;1.9792;2.32478;1.91637;1.69646;1.94779;1.69646;2.10487;1.85354;1.72788;1.82212;1.85354;2.01062;1.94779;1.85354;2.13628;2.07345;2.1677;1.85354;1.85354;1.9792;1.82212;1.9792;1.91637;2.32478;1.75929;1.75929;2.07345;1.69646;1.9792;2.07345;2.07345;2.01062;2.04204;1.9792;
150;1.9059;2.05251;2.01062;1.9059;2.03156;2.0944;2.19911;2.05251;1.98968;2.05251;2.13628;1.84307;1.94779;2.03156;2.07345;1.82212;2.22006;2.01062;1.94779;1.69646;1.84307;1.9059;1.96873;1.82212;2.01062;1.94779;2.28289;1.82212;1.92684;1.65457;1.88496;2.05251;2.01062;2.11534;1.9059;2.15723;2.01062;2.15723;1.86401;2.11534;2.07345;2.13628;2.13628;2.07345;1.75929;2.17817;1.88496;2.22006;2.01062;1.88496;
200;1.9792;1.93208;2.01062;2.08916;2.07345;2.15199;2.19911;2.02633;1.9792;1.99491;1.93208;1.83783;2.08916;1.91637;2.12058;1.9792;2.21482;1.9792;2.13628;1.83783;2.04204;1.9635;1.93208;1.85354;1.93208;2.04204;2.21482;1.82212;1.99491;1.94779;1.9792;1.90066;1.94779;1.90066;1.775;1.85354;2.12058;2.02633;1.85354;1.88496;1.99491;2.18341;1.88496;2.08916;1.93208;1.9635;1.93208;2.19911;2.02633;1.93208;
250;1.91009;2.02319;1.94779;2.01062;1.93522;2.02319;2.03575;1.97292;1.92265;1.94779;2.01062;2.02319;1.92265;2.01062;1.68389;2.11115;2.01062;1.85982;2.21168;1.87239;2.01062;1.94779;1.77186;1.92265;1.99805;1.93522;1.93522;2.17398;2.09858;1.93522;1.79699;1.89752;1.87239;1.82212;2.02319;1.82212;1.99805;2.01062;2.12372;2.03575;2.02319;1.84726;1.84726;1.96035;2.01062;1.82212;1.96035;2.02319;2.13628;1.92265;
300;1.95826;1.96873;2.03156;1.95826;2.02109;2.06298;1.94779;2.04204;2.02109;2.14675;2.1677;2.05251;2.05251;1.88496;2.02109;2.08392;2.15723;1.88496;2.02109;2.07345;1.92684;1.8326;1.87448;2.02109;2.08392;2.17817;1.80118;1.94779;2.08392;2.00015;2.00015;1.88496;1.98968;2.18864;1.91637;1.88496;1.9792;1.93732;1.91637;1.9792;1.8326;1.9792;2.07345;2.12581;1.92684;2.05251;2.14675;2.01062;2.06298;1.93732;
350;2.04652;2.18116;2.0555;1.96574;1.96574;2.12731;1.98369;2.07345;2.0914;2.16321;2.10936;2.13628;2.01062;2.04652;1.90291;1.92984;1.99267;2.07345;2.0555;1.91188;2.0914;1.99267;2.08243;1.99267;1.94779;1.84905;1.94779;2.0555;2.0196;1.95676;2.03755;2.08243;1.95676;1.99267;1.90291;2.0196;1.98369;1.98369;1.94779;2.01062;1.93881;1.98369;1.99267;1.99267;1.97472;2.07345;2.07345;1.91188;1.95676;1.91188;
400;2.07345;2.02633;1.97135;2.01062;1.82998;2.03418;2.12843;1.90066;2.04204;2.02633;2.08916;2.00277;1.97135;1.9635;2.09701;2.05774;2.09701;2.08131;1.85354;2.04204;1.98706;2.07345;2.01847;2.08916;1.85354;1.99491;1.9635;1.97135;1.91637;2.01062;2.01062;1.75929;2.02633;1.9635;2.09701;2.11272;2.01062;2.01062;1.95564;1.95564;2.00277;1.97135;2.01062;2.02633;1.9635;2.14414;2.13628;2.08916;1.93993;2.00277;
450;2.08043;1.94081;2.04553;1.92684;1.89892;1.97571;1.9059;2.04553;1.93382;2.06647;1.98269;1.93382;1.96175;1.9059;1.89194;1.84307;2.06647;1.86401;1.89194;1.97571;2.04553;2.03854;2.03156;1.98269;1.93382;2.07345;2.1293;2.08741;2.08741;1.96175;2.11534;2.05251;2.00364;1.96175;1.87099;1.98269;1.98968;2.0944;1.9059;2.16421;2.03156;2.05949;2.05251;2.21308;2.1293;2.06647;2.00364;2.03854;1.87099;1.98968;
500;1.95407;1.9792;2.11115;1.95407;1.97292;1.91009;1.85982;1.98549;2.04204;2.00434;2.0546;2.03575;2.02947;2.01062;1.85982;2.07973;1.87867;2.06717;2.10487;2.0546;1.95407;2.04832;1.99177;2.00434;1.97292;2.10487;1.9415;1.92894;2.0169;1.98549;1.96035;1.91637;2.00434;2.0169;2.02319;2.13628;1.95407;1.99805;1.90381;1.91009;2.06088;1.96035;1.9792;2.09858;2.02947;1.96664;2.04204;1.92265;2.1677;1.90381;
550;2.05632;2.01633;1.91352;1.92494;1.88496;2.02776;2.03347;1.91923;1.9992;2.08488;1.98777;1.97064;2.0506;2.07916;1.9535;1.9992;2.00491;1.94208;2.09059;1.89638;1.98206;1.9535;2.00491;1.93636;1.8564;2.14199;1.95921;1.93636;2.01062;1.9535;1.99348;1.94779;1.99348;2.05632;2.02776;1.93636;1.96492;2.07916;1.94779;2.06203;2.01062;2.15342;2.09059;1.9535;2.07345;1.88496;2.02776;1.97635;1.94208;1.93065;
600;2.01586;2.07869;1.74358;2.00538;2.02633;1.91114;2.03156;2.02633;1.86401;2.06822;1.97397;2.00538;1.98968;1.94779;2.03156;2.01062;1.94255;1.89019;2.02633;1.96873;1.93732;1.91114;2.06822;2.01586;1.99491;1.8326;2.09963;2.1101;1.91114;1.9792;2.02633;2.15723;1.94255;1.91637;1.97397;1.94779;2.00015;2.04727;1.95302;2.12058;2.12058;2.03156;2.00538;1.9792;2.01062;2.05774;2.00538;2.0368;1.9635;1.92684;
650;1.92845;1.94779;1.96712;1.92362;1.96229;1.92845;2.00579;1.88496;1.97195;2.07828;1.95745;2.06378;1.96712;2.00095;2.01062;2.02995;1.96712;1.91395;2.02512;1.92362;2.00579;2.01545;2.11695;2.02029;1.97195;1.94779;2.01062;1.93812;2.05895;2.04445;1.93329;1.96712;2.00579;1.89462;1.94295;1.98645;1.96229;1.89462;2.02512;1.95262;2.07828;2.00095;1.90912;1.95262;2.01545;2.20878;1.96229;2.05895;1.90429;1.87529;
700;2.04652;2.0555;1.98369;1.9433;2.00164;2.01062;2.06896;1.9074;1.9074;1.99716;2.03306;1.92086;1.87149;2.07345;1.99267;2.12731;2.02408;1.9792;1.96125;2.00613;2.02408;1.93432;2.00164;1.98818;1.96574;1.94779;2.05101;1.9792;2.0196;2.08243;1.96574;2.03306;1.95228;1.9433;1.93881;2.00613;2.01511;1.87149;1.91188;1.92086;1.98369;1.95676;2.00164;2.10936;2.00613;1.93432;1.99267;1.99716;1.89842;2.00613;
750;1.99805;1.92265;1.97292;2.01481;2.04832;1.96873;1.97292;2.02319;2.06088;2.019;1.9813;1.99386;1.98968;1.99805;1.93522;2.0567;1.90171;2.07345;1.96454;2.02737;1.99386;2.01062;1.93941;2.0567;2.09858;2.06088;2.02737;2.02737;1.95198;1.98968;1.96454;2.01481;2.02319;1.99805;2.019;1.95198;1.99386;1.99805;2.05251;2.06088;2.03994;2.04413;1.99386;1.92265;1.88496;2.03994;1.89752;1.98968;2.03156;1.91009;
800;1.90066;2.03418;2.00277;1.93601;1.95957;2.01455;1.93993;2.04596;1.9635;1.93993;1.98313;2.02633;1.95171;2.01455;2.02633;2.00277;2.03811;2.04204;1.93208;2.02633;2.01062;2.01062;2.03811;1.9792;2.02633;2.04989;2.00277;1.99491;1.9203;1.98313;1.88103;1.97135;2.08523;1.9635;2.0224;2.01847;1.90066;1.99884;1.94779;1.91637;1.99884;1.97528;2.04596;1.98706;2.01062;1.99884;2.04204;1.99098;1.96742;1.99098;
850;2.04758;2.01062;1.92931;1.99214;1.96996;1.94779;2.05497;2.0328;1.94779;2.00692;1.95888;1.9367;2.07345;1.98844;1.9367;2.0254;2.05128;1.91452;2.06976;1.97736;2.04388;2.06976;1.96996;1.91083;2.05128;1.96996;1.933;2.06606;1.97366;1.9404;1.98475;1.94779;1.99214;2.02171;1.92931;2.01432;2.01432;1.96996;1.98475;2.09563;2.05867;1.96627;1.92561;1.99214;1.98475;1.99953;2.09193;1.96257;2.09563;1.92192;
900;1.93732;1.98269;1.97571;1.99666;2.07345;2.00364;2.00015;2.0176;1.96524;2.02807;1.99666;1.97571;1.93732;1.96873;2.0909;2.056;2.00015;2.02807;1.99317;1.99317;2.02109;2.00364;1.98269;2.03505;1.94779;2.02458;1.91637;1.95826;2.07345;2.01411;2.00015;1.98269;2.02807;2.07694;1.98618;1.96175;2.01411;2.03854;2.07345;2.02807;1.99317;1.98968;2.03156;2.04902;2.08392;2.04902;2.03505;2.00015;1.88496;1.95477;
950;1.93456;2.01723;1.97755;2.07676;1.98747;1.9544;1.9544;2.05361;2.04038;2.02054;1.99408;1.98086;2.01723;1.97094;1.99078;2.01062;1.94779;1.98416;2.00401;2.11313;1.90149;2.05692;1.98086;1.93456;1.91472;1.97424;2.08668;2.01393;1.98416;1.96432;1.85519;1.99078;1.92133;2.07345;2.06353;2.0007;1.93456;1.96432;1.97755;2.08007;1.96102;2.047;1.94117;2.07014;2.03707;1.96102;2.02385;2.01393;2.03377;1.93456;
1000;1.9635;2.04832;2.03575;2.00748;1.9635;1.99491;1.97606;2.05146;1.98863;2.02004;2.03575;1.96978;1.99177;2.06717;2.09858;2.02004;2.04204;2.00434;2.04204;2.02947;2.02319;2.0923;2.05146;1.93836;1.98234;2.10173;2.02947;1.95407;2.07973;2.00434;2.03889;1.9415;2.09544;2.07031;1.98234;1.9415;2.01062;2.04204;2.02004;2.02319;2.02633;2.01062;2.04518;1.95093;1.97606;1.98234;1.94465;1.98863;1.99805;2.02319;
1050;2.04054;1.96275;1.98369;2.06148;2.06148;1.9448;2.00763;1.93582;2.08243;1.91488;1.97771;1.95377;1.98668;1.99865;1.97472;1.96275;1.97172;2.01062;2.07944;1.97172;1.96873;2.04952;1.9807;2.0196;1.97472;1.87897;1.9448;2.00464;2.00763;2.00464;1.99566;2.03755;1.93881;2.04952;1.95976;2.04054;2.06448;2.06148;2.0166;1.91787;1.96574;1.95976;1.96574;1.95676;2.03156;2.01062;1.95676;1.98668;2.06148;2.04652;
1100;2.02204;1.98206;1.93065;2.03918;2.04775;1.98492;2.01919;1.92494;2.04204;1.9792;2.01348;2.01919;1.9792;2.0249;2.02204;2.0506;2.01348;2.03918;2.04489;2.04204;2.04489;2.01633;2.00491;1.98777;1.95921;2.01919;1.98492;2.04775;1.99348;2.0249;2.11915;2.00205;2.03347;2.0706;1.96207;2.01062;2.00205;2.01919;2.01633;1.9535;1.97064;2.01633;1.90495;1.98206;2.04489;2.01633;2.03918;2.02776;1.9792;2.02204;
1150;1.97511;2.01335;2.0434;1.93959;1.95052;2.01881;1.96691;1.96145;1.94779;1.90408;2.07891;2.01062;1.99696;1.99969;1.98603;1.94506;1.99423;2.02974;1.99696;2.01881;2.04886;1.98057;1.88496;2.02974;2.01608;1.9833;1.95325;1.98057;1.94506;2.02974;1.99696;2.03794;1.99696;1.95052;1.96418;2.00242;1.9915;1.96418;1.95598;1.96691;2.01335;1.95871;2.00516;1.99969;1.98603;2.00242;2.01062;2.08711;1.97784;2.04067;
1200;1.95826;2.05774;1.99491;2.00538;2.01062;2.00015;2.01324;1.99491;2.01586;1.99491;2.05774;2.02895;2.0656;1.98968;1.94779;1.98182;2.05513;2.02895;2.02895;2.008;2.03418;1.96873;2.08654;2.10225;2.00538;2.02633;2.03418;2.05774;2.01847;2.05251;1.96611;2.03418;2.01324;1.98968;2.02109;2.02633;1.94779;1.98444;1.9635;1.95302;2.01586;2.008;2.008;1.9635;1.99753;1.99753;1.95564;2.04465;2.00277;1.99753;
1250;2.00308;2.04581;1.97543;1.94527;1.94527;1.97292;2.00308;2.01062;2.01313;2.02319;1.98046;2.05586;2.05334;2.02067;2.03575;1.99303;1.96538;2.00559;1.97543;2.02067;1.96789;1.988;2.05586;2.0835;1.98046;1.95281;2.08853;1.99303;1.96538;2.01313;2.00308;1.92768;2.03073;1.988;2.03073;2.06088;2.05083;2.04078;2.01816;1.988;2.05837;1.88747;1.97543;1.9126;1.99051;1.96789;2.00559;2.0257;1.93773;1.93773;
1300;1.98887;2.01545;2.01787;2.01787;1.98887;1.97679;1.99612;1.95745;2.02754;1.98887;1.93087;1.99129;1.97195;2.01304;2.04929;1.95745;2.02995;2.02754;2.03962;2.03479;1.96229;2.03962;1.96229;2.04687;2.04687;2.0227;2.05412;2.01304;1.96712;2.0372;1.98887;2.04929;2.03479;1.92362;1.89462;1.99854;1.89462;2.04687;1.98162;1.98404;2.0372;2.03237;1.93087;2.00337;2.06137;1.9357;1.98404;2.0372;1.99612;2.00337;
1350;1.992;2.05949;2.05949;2.0688;1.96408;2.01527;1.98968;1.99433;1.96175;2.00829;1.91055;2.00829;1.94313;1.99898;2.05949;2.04785;1.9315;2.03389;2.05251;2.05018;1.97339;1.96175;2.02691;1.98037;1.97339;2.07578;1.97339;1.92684;2.00364;2.00131;2.05949;2.0176;1.98037;1.95942;1.97804;1.96408;2.00597;2.00597;1.89892;1.95942;1.92452;1.93382;2.02225;2.06182;1.96873;1.94081;2.00131;2.02225;1.98968;1.94081;
1400;2.0196;1.98145;1.97023;2.0555;2.03979;1.93208;1.97023;1.98145;1.9994;1.99491;1.98818;1.9792;1.96574;1.92086;2.02633;2.01062;1.98369;2.01735;1.99716;1.95901;2.02633;1.97023;2.03755;1.99042;1.97472;1.99042;1.97472;1.98818;2.03082;2.07345;1.99042;1.9231;1.98818;1.93432;2.01062;1.9994;2.03082;2.01062;1.98145;1.94779;1.97696;1.99491;2.06672;2.0555;1.96798;1.9994;2.00613;2.03979;2.06223;2.04428;
1450;1.98029;1.96512;2.00195;2.00845;1.94129;2.02579;1.98679;2.01712;1.96945;2.01495;2.01929;1.92612;2.05395;1.94129;2.00845;1.93479;1.93695;2.01712;1.94779;1.98245;1.96512;1.99545;2.02795;2.00629;2.04962;1.98029;2.00412;1.99112;1.97162;1.99112;1.94995;2.02145;2.01279;1.95862;2.03662;1.96079;2.03662;2.00195;1.99979;1.94995;2.02145;1.97379;1.97162;1.99762;2.02362;2.03445;1.98245;1.96295;1.93695;1.96079;
1500;1.97083;1.94988;1.96873;1.95826;2.06298;2.02737;1.9813;1.95826;1.94988;1.95198;2.02947;2.06507;1.98339;1.96454;1.96035;1.99596;1.92056;2.01271;2.02947;1.96035;2.02947;1.92894;1.9813;1.95198;2.03994;1.99596;2.07345;2.14257;2.03575;2.04413;1.9792;1.88286;2.03156;2.00224;1.9415;1.96873;1.96035;1.94569;1.97711;2.03785;2.04413;2.02528;2.04204;1.98339;1.93522;2.03575;2.02947;1.99596;2.02528;2.03156;
1550;1.92752;1.94171;2.01467;2.039;1.99238;1.96806;1.99643;1.97008;2.00657;1.99238;1.97616;2.00859;1.97211;1.99035;2.02481;2.02886;1.97414;2.01873;1.97211;1.9863;1.98427;2.06737;2.03089;2.02075;2.05724;2.0167;2.02481;2.05521;2.02278;1.99035;1.96603;2.00251;2.03089;2.00251;2.03494;1.93563;1.95589;1.98427;1.99035;1.92955;2.02683;2.01062;1.98832;1.98224;1.99846;1.99035;1.97819;2.02278;2.00657;2.00454;
1600;2.01455;2.01455;1.96939;2.02829;1.99098;1.90066;1.96742;2.02829;1.97135;1.98313;1.97331;2.03222;1.99687;2.07541;2.00866;2.02436;1.93601;2.01651;1.95564;1.99884;1.97528;2.04204;1.99295;1.99687;2.04793;1.98706;1.96546;2.03025;2.06167;2.00473;2.03811;2.04989;2.01258;1.99098;1.94582;1.96546;2.00866;1.93012;2.05185;1.97135;2.04007;1.99491;2.03614;1.95957;1.99098;2.04007;1.9792;2.08327;1.96153;1.93404;
1650;2.08868;2.06774;2.03918;2.0011;2.01252;1.99158;2.02014;1.97825;1.95731;1.98587;2.04108;2.07155;2.02585;2.07155;2.06012;1.97825;2.02776;1.99539;1.94017;1.99348;1.96873;1.98206;1.9554;1.98396;2.09059;2.00681;1.97635;2.02966;2.06393;1.97444;1.97254;2.03156;1.94779;1.97064;1.98206;1.96112;2.01252;2.05441;1.9554;1.88686;2.0468;2.04108;1.96302;2.00491;1.97825;1.98016;1.9516;2.01633;2.04108;1.93256;
1700;1.9792;1.95888;2.01247;2.00323;1.96996;2.05128;2.00877;1.98844;2.00323;2.04758;1.94594;2.03464;1.99768;2.01247;1.99953;1.89789;2.05867;1.97181;2.01986;1.99399;2.03649;2.00692;1.99584;1.97551;2.01801;2.00877;1.97551;1.9866;1.96812;2.00508;1.94779;2.01247;1.96442;2.01247;2.04573;2.01432;2.04573;1.99953;2.06606;1.99029;1.95888;2.01247;2.00323;1.98475;2.1178;1.99768;1.92746;2.07345;1.98844;1.96996;
1750;1.97831;2.02498;1.98908;1.99446;2.02498;2.01241;1.99626;2.02498;2.02319;1.96394;2.01241;1.94958;1.91368;2.00344;1.98549;2.0196;2.02857;2.10038;2.00703;2.00344;1.99446;2.01062;2.08602;1.96394;1.99805;1.95856;1.99805;2.01062;2.03216;2.06448;2.00882;2.06448;2.03934;1.99626;2.00523;1.93702;1.97651;1.95676;1.97651;2.05909;2.0555;1.95317;1.98908;1.92984;2.016;2.02139;2.01421;1.96035;2.02678;2.00164;
1800;1.92859;1.95826;1.99142;1.98269;1.97746;2.01935;1.96873;1.96524;2.00015;1.97571;2.00189;2.00887;2.00015;1.97048;1.96873;1.96699;1.99491;2.02807;2.02284;2.04727;1.97571;2.00538;2.00538;2.02982;2.02284;2.01411;2.01586;1.98444;1.9635;1.97746;1.98269;2.04029;2.00713;1.99491;2.00364;2.01062;1.94779;1.9792;2.01935;2.05425;2.08567;2.0368;2.00887;1.99317;2.06647;2.05251;2.01411;2.01411;1.99666;1.98269;
1850;2.0293;2.0327;2.00213;1.96986;1.91213;2.0276;2.00043;2.02251;2.01911;2.03609;1.94439;1.98175;2.01741;2.031;2.02081;1.94439;1.95288;1.98854;1.97666;2.0327;2.05817;1.95628;2.06836;2.0242;2.04798;2.0276;1.98005;2.04968;1.95458;1.99194;2.00892;1.98345;2.00213;2.0259;1.99534;2.00552;1.94439;1.96817;2.03439;2.0242;2.03609;1.96307;2.0276;2.01062;1.98854;1.97835;1.97496;1.99194;1.97326;1.99024;
1900;2.00731;2.02054;2.01723;2.03707;1.99739;2.02715;2.01393;1.98747;2.01558;2.00897;1.99739;1.99905;2.04204;1.93291;2.01227;2.01393;2.00731;2.00401;1.99078;2.00401;1.95605;2.01889;1.97259;1.96928;1.99739;2.02385;2.02881;2.00731;1.96432;1.96763;1.99408;1.95605;2.0255;2.03046;2.06353;1.93125;1.98747;1.98582;2.0007;1.96267;2.12967;1.94117;2.04204;2.03873;2.01393;1.96928;2.01558;2.00235;2.02219;2.10817;
1950;2.00901;1.95423;1.96068;1.97679;2.05251;1.99934;2.02351;2.0364;1.97356;2.00417;1.99451;2.01223;2.05573;2.07184;1.9929;1.99934;1.9784;1.9494;1.98323;2.04445;1.95423;1.95262;2.08151;1.98001;1.98806;1.98968;2.04284;1.99934;1.95907;1.9929;1.94457;1.99129;1.98001;2.0074;1.96712;2.02029;1.98806;2.04284;2.04123;1.99773;1.98323;1.98645;2.06378;1.97518;1.93973;2.04284;1.98645;1.98968;2.06701;1.99934;
2000;1.93208;2.02947;2.00748;2.03418;2.0169;2.02004;1.88967;1.92894;1.98234;1.99491;2.02161;1.96507;2.04675;2.01847;2.00591;1.99962;1.98392;1.97292;2.02319;1.98706;2.03732;1.98234;1.9902;2.0169;2.03104;2.04989;1.95721;2.00905;1.95093;2.04204;1.95407;2.00748;1.96507;2.09073;2.02476;2.06717;2.03575;2.01847;2.01533;2.01062;1.97292;2.06088;1.97763;1.98863;1.9902;2.00905;1.9792;1.9635;2.00591;2.00591;
2050;1.9769;1.99223;1.96924;1.97844;1.97844;1.95085;2.01522;2.03667;2.00602;1.99836;2.02441;2.02594;2.04127;1.96158;1.97844;2.05506;1.97844;1.99836;2.03207;2.00449;2.02288;1.97997;2.06579;1.99683;1.98763;2.03361;1.97997;1.93246;1.98303;1.96924;2.02901;2.03054;2.00449;1.97537;1.99376;2.00449;1.9861;1.95698;2.03207;2.01981;1.96924;1.99683;2.05046;1.9907;2.00755;2.02748;2.00909;1.9294;1.96005;2.01522;
2100;1.93582;2.01361;1.99267;1.94779;2.01062;1.94629;1.95377;1.99566;1.97023;1.97621;1.97621;2.03904;2.01511;1.99716;1.96873;1.95377;1.98519;2.06148;2.07495;2.03605;2.00164;2.0181;2.04802;1.98818;2.02857;1.98668;2.03007;1.95228;2.00763;2.03456;2.00464;1.95826;1.99267;1.99865;2.05999;1.96724;1.9448;1.99566;1.95676;2.00164;2.02857;1.92684;1.9807;1.95976;2.04652;1.96275;2.00015;1.96424;2.00015;2.00164;
2150;1.95363;2.01062;2.02231;2.05446;2.0413;2.00916;2.01646;2.00916;1.95948;1.95071;2.06907;2.05299;1.96532;1.99455;1.97993;2.00916;1.99455;1.99162;2.00916;2.02962;1.93902;1.9814;1.96094;2.00185;2.00916;2.06761;1.95655;1.99016;2.02085;2.03108;1.95363;1.98724;1.96094;1.9814;2.01793;2.05884;1.99601;1.92587;1.99308;2.02231;2.00185;1.97701;2.01793;2.00039;2.0077;2.01354;1.99308;1.99162;1.96532;1.99601;
2200;1.9992;1.97778;1.98777;2.01348;2.00062;1.98206;2.01919;1.99634;1.96921;2.00062;2.00062;1.9992;2.00776;2.03347;2.03204;2.04775;2.00348;2.02776;2.0349;2.03632;2.0249;2.03347;1.95921;1.9792;1.9992;1.97349;2.00634;2.01919;1.96921;1.99491;1.97635;2.08202;1.96207;2.0349;1.99777;2.04204;2.00491;2.00634;1.95636;1.99348;2.02204;1.98634;2.0606;2.01348;2.02347;1.98634;2.05346;2.00634;1.96064;1.95921;
2250;1.99107;2.06926;2.00783;1.96175;1.98828;1.95058;2.02598;2.02319;2.02458;2.01341;1.9799;1.95756;2.019;2.03017;1.96175;1.99666;2.03436;1.96175;2.0176;2.02737;1.97292;1.99666;1.98549;1.95617;2.0162;2.00364;1.93243;1.9422;1.99107;2.02877;2.00643;2.02179;2.00922;2.00503;2.04273;1.99107;1.98688;2.01062;1.99805;2.02877;2.02319;1.97152;1.99526;2.02877;2.00503;2.02737;1.99805;2.00224;1.98828;1.98828;
2300;2.02564;2.02974;1.95052;1.98876;1.94369;2.01335;1.99969;1.97101;1.96418;1.97374;1.97511;1.97784;2.02838;1.9915;2.00789;2.00242;2.02974;1.96691;2.06389;2.06662;1.9874;1.99013;1.96691;2.04613;2.06116;1.97101;1.96964;1.99696;1.98876;2.00516;2.00379;2.02974;1.99696;1.98194;2.05023;2.02701;1.9833;2.00652;1.9874;1.98057;2.00242;1.97511;1.99696;1.99833;2.01881;1.99696;2.06662;2.05569;2.00379;1.9833;
2350;1.97051;1.96383;2.03335;1.98121;2.02265;2.05072;1.96918;2.03067;2.01597;2.0026;1.98789;1.99992;2.00928;1.96918;2.00661;1.95581;1.97586;2.01062;1.99992;2.02131;2.02131;1.99725;1.96784;2.02532;1.99725;1.94779;2.00661;2.0534;1.99591;1.97853;1.98923;1.98656;1.97452;2.02265;1.96517;2.00527;1.97051;1.97987;1.97051;2.03201;1.99725;1.98388;2.0026;2.03201;1.99859;2.03201;1.96116;2.02934;1.99992;1.97987;
2400;1.98837;2.0368;2.0656;1.97789;1.95695;1.98837;2.03418;1.98575;1.95171;1.98313;1.98051;2.00538;2.00146;1.99098;1.95695;2.02764;2.03156;2.04204;2.07214;1.97266;1.98706;2.01847;2.04204;2.04334;2.04334;1.97004;2.05513;1.99753;2.02895;1.9648;1.98837;1.99229;2.02633;1.98706;2.01716;1.96873;2.03156;1.98575;1.99229;1.98182;2.04989;2.02895;1.98968;2.0368;2.04334;1.94124;2.02895;2.03549;2.04858;1.96873;
2450;1.98113;2.00164;2.04396;2.01575;2.06832;1.99139;2.01703;1.95163;1.99908;2.02344;2.01318;2.05165;2.01703;2.00036;1.98241;1.98882;2.00677;2.00164;2.04396;2.02857;2.01062;1.97343;2.03755;1.9683;2.01703;2.0119;2.00036;2.01447;2.02729;2.01318;1.95676;2.01831;1.98113;1.99523;1.97728;2.00421;2.02729;1.96574;2.0119;1.99267;2.03114;2.01447;1.94651;2.00934;1.97087;2.05165;2.01831;2.04396;2.02216;1.94907;
2500;1.988;2.03701;1.99177;1.95784;2.08225;2.03324;1.98926;2.04958;2.05334;2.09607;2.00182;2.04455;2.0169;2.03827;1.98926;2.00559;2.05963;2.0169;1.99177;1.96412;1.9968;2.0169;1.96035;1.98926;1.97418;1.99805;1.98674;1.95281;1.988;1.99428;2.01816;2.03324;1.9968;2.00936;2.03324;1.9503;2.0345;2.00685;1.96789;1.99554;1.94276;2.02193;2.01816;2.00811;2.02947;2.03701;1.98046;1.9415;1.97795;2.04329;
2550;1.97243;1.98598;1.96011;1.98844;1.94409;1.92561;2.01924;1.96627;2.00692;2.04019;2.00816;2.00816;2.01678;2.07961;1.98844;1.9983;1.97489;2.03403;2.04019;1.96504;1.97736;1.99091;2.00816;2.04265;1.97859;1.98352;1.9675;2.02294;1.96504;2.04758;2.00816;2.00323;1.98844;1.99091;2.00446;2.00569;1.94902;1.96996;2.00569;1.97982;1.96996;2.03526;2.01185;2.00939;2.02171;2.0254;1.99953;1.97736;2.02787;2.07099;
2600;1.99612;2.00095;1.98162;1.99491;1.9647;2.04445;2.02512;2.0372;2.03358;2.00216;1.95987;2.01304;2.05774;1.92;2.01787;1.98524;1.96712;2.00458;1.92483;2.01787;2.00699;1.96833;2.03237;2.02029;1.96229;1.99733;1.93087;2.00337;2.00699;1.98766;2.00216;1.95866;2.01062;2.00579;1.99491;2.02391;2.00337;1.98524;2.02754;2.05049;2.01787;2.04083;1.98887;1.93691;2.01787;2.0372;1.9792;2.00216;1.97075;2.00095;
2650;1.98335;2.01418;1.99402;1.99521;2.01536;2.04144;1.99047;1.99876;2.02247;1.99758;1.9466;2.00588;2.03552;2.01655;1.98098;1.97387;1.98454;2.06634;2.03907;1.99521;1.95134;1.97268;1.96913;1.9715;1.98454;1.97743;2.02366;2.01418;2.00114;1.98572;2.00825;1.94897;1.98217;2.01299;1.99284;2.02722;2.0118;2.02485;1.96913;1.9715;1.96794;1.99521;1.98572;1.99284;1.99995;1.96676;2.04144;1.99165;2.00351;1.97861;
2700;2.02342;1.96524;1.9571;1.97455;2.02109;2.00713;2.03505;1.98851;2.00946;1.92684;1.992;1.98502;1.992;2.00829;1.9792;2.01062;2.01062;1.98735;2.00364;1.99084;1.98618;1.9792;1.96408;2.02575;2.00829;2.00015;2.00131;1.99666;1.95593;2.01527;2.01062;2.00015;2.01527;2.01876;2.01644;2.01527;1.96059;1.98502;2.05018;1.98386;2.01062;1.95593;2.00364;2.00247;2.04204;2.01644;1.97571;1.95593;1.97688;1.99666;
2750;2.00491;2.01062;1.99463;1.98206;2.00376;1.97178;1.99006;1.9832;1.99691;2.00833;2.01633;1.99463;1.94893;1.97749;1.98549;2.0209;1.95921;2.01405;1.98777;1.99006;1.98434;1.99006;1.97977;2.01633;2.00376;1.96607;2.01062;1.92608;2.00719;2.00491;2.02776;1.97064;2.04832;1.98434;1.95807;2.01405;2.00491;2.0129;2.04032;1.99006;2.0586;2.06431;2.01405;2.0209;2.03118;1.9615;1.9992;1.97977;2.01862;2.03347;
2800;1.97808;2.03755;1.96798;2.00389;2.02857;1.98145;2.02633;1.95789;1.96911;2.00164;2.02521;1.98481;1.99379;1.98145;2.03755;2.02857;2.00277;1.99603;2.04204;2.00164;1.97247;2.00613;2.02072;1.98033;1.99491;1.97023;1.9994;2.02072;1.97584;1.96237;2.02633;2.03979;1.99042;2.00389;1.99828;1.99603;1.99491;1.96574;2.00164;2.00052;1.99603;1.99379;1.99042;2.0196;1.97135;1.98145;2.02857;2.02184;1.99379;2.02296;
2850;2.00731;2.02605;1.99188;1.96873;2.02936;1.97535;2.03597;2.03156;2.01393;1.98527;1.97645;2.01503;2.04479;1.98968;1.97535;1.97975;2.0029;2.04589;1.97755;1.93787;1.98086;1.97535;2.0018;2.00841;1.98637;1.99849;2.02164;1.98527;2.02605;2.01503;1.99849;2.02495;1.94338;1.97865;2.02164;1.99739;2.01613;2.02936;1.97755;2.05912;2.00731;2.01393;2.02385;2.00731;1.96322;1.98637;1.97975;2.01944;1.93566;1.97975;
2900;1.98462;1.97595;1.9922;2.02795;1.95104;1.99979;1.99654;2.00845;1.94562;2.00195;2.07128;2.01712;2.02145;2.0052;1.96729;1.99437;1.99437;1.96404;1.98787;1.99004;2.01387;1.98787;2.0312;1.97704;1.9922;1.99979;1.97487;2.01062;2.00954;1.9987;1.96729;1.98895;2.0052;2.00954;1.97595;1.99654;2.03662;2.04095;2.00737;1.99004;2.03229;2.01279;2.02145;1.96945;2.05612;1.99112;2.02687;2.02037;2.03012;2.02145;
2950;2.01275;1.97441;1.99784;2.02659;1.9989;2.05322;2.01594;1.93501;1.96909;1.99145;2.00742;1.984;1.97015;2.00955;2.01381;2.05215;2.00849;1.99997;2.00103;1.99678;2.00849;2.00849;2.02659;1.95737;2.02766;1.96909;2.05322;1.96376;2.0415;2.02127;1.98293;1.98719;1.9989;1.99678;2.01062;2.01062;2.00849;1.99145;1.94992;2.07771;1.93181;1.9808;1.98719;2.00529;1.97654;2.01807;2.07984;2.01807;2.02872;1.96376;
3000;1.96873;2.04622;2.02633;1.98968;1.9813;2.01376;1.98758;2.01795;1.96035;1.96768;2.00748;2.00434;2.00538;2.01271;2.02528;2.00329;1.97083;1.93732;1.9991;1.99491;2.02004;2.06612;1.95931;1.99805;2.01795;1.96873;1.98339;1.98025;1.97606;1.97187;2.01271;2.02423;2.00643;2.01167;1.97397;2.00329;1.94569;1.9991;1.9991;1.99386;1.9991;1.98025;1.9991;2.01586;1.99491;1.91637;1.9813;2.05355;2.02214;1.97187;
3050;1.99723;2.01577;1.97766;1.98693;2.02916;1.99414;2.00135;2.0477;1.98899;2.03225;1.95397;2.01371;1.97251;1.95706;2.01886;1.99414;1.97251;1.95294;1.97457;2.0271;1.93234;1.99002;1.97869;1.99105;1.99723;1.97251;1.98281;2.00959;1.96633;2.02092;1.97457;2.01062;1.9859;1.98384;1.9653;1.9962;1.99002;1.99208;2.00959;1.97972;1.97766;2.00547;2.01371;1.97766;2.00547;2.0271;2.00856;1.94264;2.00135;1.94573;
3100;2.01873;1.99744;1.99035;1.93867;2.0167;1.98934;2.03291;2.00353;1.98528;2.02379;2.06129;2.00251;2.02278;2.00353;1.99035;1.99643;1.99744;2.0015;2.01366;1.9863;1.95691;2.01366;1.97819;1.99339;1.99947;2.01265;2.00454;2.00454;2.03393;2.05622;2.00049;1.9711;2.02785;1.99339;1.99846;2.03291;2.00251;2.00454;1.98934;1.99744;2.00859;1.9336;2.03697;2.02886;2.02481;1.99035;2.06433;2.01569;1.99846;1.91637;
3150;1.9787;1.98469;1.95976;1.99666;2.0186;2.00264;2.00663;2.01162;1.99067;1.97172;2.01561;2.01361;1.93682;1.96275;1.98668;2.03256;2.01561;1.99666;2.0535;1.95876;2.04353;2.01561;1.9797;2.04054;2.00464;2.01261;2.0196;2.04852;2.03954;2.03655;1.9817;2.03954;1.97472;2.03256;1.99666;1.98968;2.03655;2.0196;2.02558;2.00962;2.01361;1.99666;2.0196;2.01062;2.02259;1.93881;2.00763;1.99167;1.99666;1.99765;
3200;2.02436;1.97822;2.03909;2.03614;1.99687;2.00178;1.97724;2.0008;1.95957;2.03516;1.98902;2.0332;1.98313;2.01356;2.01553;2.00669;2.05578;2.04007;2.00767;1.98019;1.99687;2.0008;2.02338;2.00866;2.00178;2.00473;2.03025;2.00669;1.97724;2.07247;2.02338;2.03516;2.0008;2.00866;1.98019;2.01749;2.01062;1.99786;2.01553;2.00178;2.02436;1.97331;2.04793;1.96742;1.99687;1.99786;2.00767;1.98117;2.01749;1.99786;
3250;1.99612;1.98742;1.99805;2.07345;1.99999;1.98839;1.97002;2.04349;1.98935;1.96905;1.99999;2.01255;2.02609;2.01739;2.00772;1.99999;2.02319;1.98549;2.01062;1.95649;2.04929;2.00289;2.02125;1.95455;2.01062;1.99902;1.97582;2.01159;1.96132;2.02609;1.98549;2.02512;1.98065;2.04252;2.00095;2.01159;2.00965;1.96132;1.96712;2.00095;1.97679;1.99225;2.01739;2.06475;2.01449;2.02415;2.02995;2.02899;1.96519;1.98742;
3300;1.99063;1.93351;2.03061;2.01252;1.97349;1.99634;2.03728;1.98968;2.01824;2.01728;2.0249;2.01538;1.96207;1.9516;2.0249;1.98206;2.01538;1.99539;2.0249;1.98396;1.98587;1.98016;2.02109;1.94874;2.00205;2.01252;1.98396;1.9754;2.02395;1.96492;1.99253;2.0268;1.97159;1.98301;2.00586;1.98587;2.05441;2.003;2.01157;2.0249;1.97635;2.00681;2.03728;2.02109;1.99444;1.98872;1.98016;2.02871;2.01157;2.01824;
3350;1.96936;1.96936;1.9778;2.02469;1.96279;2.00124;1.98061;2.05563;2.04626;2.05094;1.98061;2.04063;1.99093;2.03219;2.02844;1.99374;1.97686;1.99093;2.00405;1.98249;2.05001;1.97123;1.96748;2.00968;1.99561;2.01625;2.01437;1.9853;2.00968;2.00781;1.98811;1.98624;2.02187;1.94966;2.01437;2.02656;2.02281;2.02;1.95154;2.04907;1.98155;1.95529;1.97686;2.01718;2.00499;1.99749;1.99468;2.00124;2.03782;1.99843;
3400;1.9792;1.97458;1.98105;2.01616;1.97643;1.99861;2.00138;1.99676;2.01524;2.00692;2.02725;2.02448;1.9866;2.01247;2.02263;1.98937;1.96719;2.04758;2.02078;2.03002;2.00138;2.02633;1.97828;2.00415;1.97828;1.97274;1.98013;1.96812;2.0023;1.95888;1.97089;2.01154;2.01339;1.97736;1.99214;2.00785;2.0023;1.9829;2.04943;2.006;1.99029;2.02078;1.98752;1.99306;1.99399;2.01616;1.9829;2.006;1.95703;1.98844;
3450;2.02701;1.98785;2.00151;2.03247;2.05615;1.9742;2.01881;2.01335;1.9915;1.98057;1.98785;1.98239;1.98148;1.99605;2.00333;2.0006;2.0261;1.99878;1.99423;1.97784;1.99605;2.00516;1.97328;2.01973;1.99787;1.99969;1.98239;2.03156;1.98876;2.02428;1.98239;2.01973;2.0088;1.97237;1.98785;1.95234;2.04067;2.00789;1.95052;2.02519;1.99696;2.00971;2.01973;1.96873;2.01153;1.99696;1.99787;1.98876;1.96509;1.99241;
3500;1.97561;1.99087;1.96933;2.00434;1.98638;2.00703;1.97561;1.9801;1.98549;1.98997;2.01152;1.98279;1.9819;1.99356;2.03126;1.99985;1.98997;2.0537;1.94061;1.97292;2.03485;1.99716;2.016;2.03306;1.95138;1.9801;2.02408;1.93612;1.98459;1.97561;1.97651;2.04383;2.03216;2.01421;1.99267;2.03126;1.96664;2.00164;1.96753;1.99267;1.98459;1.9819;1.96394;2.00703;1.99087;1.99626;1.99446;2.05909;2.00075;1.99626;
3550;2.02301;1.99115;1.97788;2.05398;2.02478;2.02301;1.99469;1.99823;2.03363;2.04159;1.97345;1.95841;2.02655;2;2.02212;2.01681;1.97965;1.97522;1.99027;2.00973;1.98142;2.02212;2.04071;2.01593;2.00089;1.98319;2.00619;1.97788;1.99735;2.00265;1.98496;1.9531;2.04159;2.05398;1.97788;1.97876;1.96814;2.03805;1.97876;1.95133;2.00442;1.99204;2.00265;1.98673;2.01062;1.9823;1.96283;1.99823;1.99115;1.99204;
3600;1.99055;1.96786;2.08305;2.02109;2.02895;2.01935;1.94779;1.96873;1.98793;2.0176;2.01062;2.02196;2.01586;2.00189;2.01411;2.05076;2.0368;2.00451;1.99927;1.9792;2.02196;1.96873;1.99404;2.08218;1.99578;1.96611;1.99055;2.02633;1.96262;1.94517;1.96873;1.98706;1.97048;1.99927;2.04291;1.98706;2.02371;2.02284;1.98706;2.01847;1.99142;1.99055;2.03244;1.97222;2.00189;2.03244;2.01498;1.98618;1.98968;2.00626;
3650;1.97705;1.98566;1.99341;1.99254;2.00632;2.00115;2.00976;2.00115;2.01062;1.99082;2.0657;1.99857;2.00718;2.03816;2.00201;1.98652;2.02439;2.03042;2.0657;2.00287;1.93574;1.99685;2.01062;2.00804;1.97103;1.9891;2.03386;1.99685;2.00029;1.99771;2.01837;1.98049;1.98996;1.97447;1.98566;2.00804;1.98652;1.9891;1.99685;2.02095;1.96414;1.99427;1.99513;2.02267;2.0132;1.99943;1.97877;2.02611;2.04763;2.00029;
3700;2.00128;2.02251;2.00043;2.01741;1.99958;2.01232;2.01741;1.95543;2.00722;2.02675;1.95883;2.05562;2.04288;2.02845;1.99364;1.97496;2.00213;2.01996;2.0242;1.97411;2.02505;1.98854;2.00128;2.01317;2.03864;2.00722;1.99364;2.00637;2.02166;2.00383;1.98769;1.96562;2.04628;1.99873;2.01317;2.00637;1.99788;1.986;1.97581;1.99449;2.00213;2.01656;2.01147;1.96307;1.96647;1.96732;2.00552;1.98345;2.00637;1.98854;
3750;2.00559;1.97795;1.97376;2.04329;2.00894;1.98632;1.96622;1.98968;1.99135;2.02151;2.01062;2.03156;1.97543;1.97627;2.03324;2.02319;2.02235;2.03491;2.02654;1.99051;2.04832;2.03156;2.05083;1.99973;1.95784;1.98381;1.988;1.98381;2.00559;2.02067;1.96706;1.95533;1.97878;1.96789;2.0391;1.93606;2.01732;1.96454;2.0014;2.00224;2.00559;2.04664;1.98465;2.00057;2.01816;1.98381;1.99973;2.03156;2.00811;1.98716;
3800;2.01641;2.00814;2.01227;2.00401;1.99822;1.98003;2.01558;1.98251;1.98334;2.01475;2.00649;2.02467;1.99656;1.99739;2.00566;2.00814;2.00979;2.00483;1.96846;1.97176;2.0131;1.98499;1.98334;1.98747;1.98416;2.00401;2.03459;1.99574;2.03211;1.9792;2.01227;2.00649;1.96846;1.98168;1.95771;2.03459;1.9916;2.01889;2.01641;2.01971;2.01971;1.97342;2.01641;1.99574;2.00566;1.9792;2.01145;2.00235;2.04948;1.96763;
3850;2.02857;2.00246;1.99022;2.0351;2.02123;1.94126;1.9992;1.97064;2.05795;2.00083;2.01633;1.97961;2.03347;1.99838;1.99348;1.97798;1.98696;2.00654;2.00736;2.04652;1.98614;2.00654;2.00083;1.99838;1.97961;1.98777;1.99348;2.01062;1.9943;1.9894;1.98043;2.02776;1.97798;2.00246;1.9535;2.0196;1.98206;2.0196;1.96819;2.0098;1.96656;1.96411;2.01144;1.99756;1.99838;1.98777;1.98451;1.9739;2.02449;2.02368;
3900;1.9647;2.00901;1.98968;2.0517;1.99693;1.9929;1.97034;2.03156;1.99451;2.00337;2.00337;1.98806;1.98565;2.01223;2.03881;2.04042;2.00659;2.01304;2.01223;2.04526;2.01223;2.03398;1.97034;1.93329;2.00498;1.98404;1.97759;1.95987;2.01626;1.9937;1.99451;1.98484;1.98081;1.98162;2.00417;2.00579;1.96309;1.96551;1.9929;2.00981;2.00579;2.01465;2.00579;2.00498;1.97759;2.00498;2.00337;2.00659;2.01223;2.01304;
3950;2.05039;2.04641;2.02891;1.99471;1.98835;1.99392;1.95733;1.97483;2.00982;1.9963;2.00267;2.00108;1.97722;2.02573;2.00426;1.94063;2.04561;2.02971;2.04641;2.01141;2.02971;1.97562;2.03925;2.01937;2.0138;2.04084;2.05993;2.01539;1.9796;2.00108;1.98596;1.98835;1.93983;1.97801;2.00187;1.98994;1.98994;2.02096;1.97562;1.98835;2.0472;2.00982;2.00585;1.99392;2.04005;2.02971;1.99233;1.97881;2.00903;2.02414;
4000;1.99727;1.96664;1.98077;1.96114;1.96114;1.9792;2.00591;2.03104;2.00119;2.02083;1.98313;2.0114;2.0114;1.98313;1.99884;2.01926;1.97135;2.04046;1.98234;1.99962;2.01612;1.97999;2.02083;2.00826;1.98156;2.05146;2.02554;1.98313;1.98156;1.98627;1.9957;2.0334;1.98234;1.9635;1.99648;1.97763;1.99098;2.05539;1.99648;2.01769;2.02083;1.97606;2.00826;1.98863;2.02397;1.97842;2.01769;1.97685;2.03183;1.9635;
4050;1.96951;2.02691;2.00674;1.99433;2.01838;1.97959;1.99666;1.98425;2.01915;1.99898;2.0114;2.01527;1.99123;2.02691;2.03777;1.9858;1.97416;2.00829;1.97028;2.00209;1.95399;1.97882;2.03079;2.02381;1.99355;1.992;2.02303;1.98968;2.02381;1.97261;1.9858;1.98968;1.98347;2.00131;1.97804;1.99666;1.96951;2.02148;2.00364;1.98269;2.02225;2.00674;1.97261;1.98192;2.01217;2.00286;1.98269;2.00209;1.99355;1.992;
4100;1.9884;1.97614;1.9769;1.99989;2.01752;1.97767;1.99836;1.98533;1.98993;1.98074;2.0474;1.99453;2.02058;2.00449;1.9769;1.99836;2.01215;1.98074;1.95545;1.99529;1.9838;1.96311;2.00372;1.97307;2.02441;1.94702;1.99453;2.03131;1.99529;1.97077;1.99913;2.02978;2.01062;2.00296;1.97614;2.01215;2.01368;2.05276;1.99913;1.98916;2.00449;2.03361;1.98763;1.95928;2.00526;2.0405;1.99453;2.01675;1.99606;1.96694;
4150;1.95611;2.02046;1.9864;1.98867;2.00078;2.02197;2.01213;1.97731;1.98412;1.99624;2.00911;2.01592;2.00305;1.9811;1.97731;1.97807;1.99018;1.98337;1.99699;2.01213;1.99926;2.04696;1.99699;1.95082;1.99775;1.99851;2.02425;1.97125;1.9811;1.99851;2.05528;1.99169;1.99245;1.99094;2.00835;2.00002;2.00381;2.00532;1.99851;2.00078;2.00305;1.99169;2.04241;1.9652;1.98412;2.00608;1.98715;2.00229;2.03787;2.00002;
4200;2.00538;2.01137;2.00464;2.00164;1.97322;1.99192;1.98369;2.00389;1.98668;1.9822;1.99416;2.01286;2.00015;2.01885;2.01735;1.95003;1.98369;1.97472;1.98519;1.99865;2.02408;1.99641;1.9822;2.01286;2.01212;1.9822;2.01361;1.99117;1.98743;1.99342;2.05101;2.05101;2.02633;1.9979;2.0196;1.9994;2.03979;1.98743;2.00164;1.97546;2.01212;2.0009;2.00015;2.01361;1.99641;2.02857;2.01286;1.96499;2.02558;2.02558;
4250;1.98918;2.05423;2.00027;1.95518;1.99362;2.00988;2.01358;2.00249;2.01284;1.99805;1.98327;1.99066;2.03575;2.00914;1.9951;2.0121;1.98918;2.0084;1.99805;2.03649;1.99288;2.01358;1.98623;2.01875;1.96848;1.9877;2.00545;1.98475;1.99288;1.96775;2.0084;1.99066;1.96996;1.99288;2.05275;1.99288;2.0291;2.00323;1.9914;1.99436;2.04536;2.02836;2.02688;1.99805;1.98105;2.0084;2.03797;2.00692;2.0121;2.02023;
4300;1.97482;1.96971;2.03692;2.02377;2.01646;1.99382;1.99966;1.96751;2.02158;2.00989;2.00989;1.99162;2.00989;1.9719;1.99089;1.96167;1.99966;1.96678;2.03473;2.0245;1.95729;2.00843;2.00477;2.00039;2.01062;2.02377;2.01646;2.00039;2.00404;2.01866;1.97555;2.04642;2.02523;1.96824;1.97993;1.98724;2.02523;2.015;1.9887;2.01793;2.02085;1.9814;1.99601;1.98651;1.9624;2.00331;2.00551;2.03181;2.0413;2.00843;
4350;1.99979;1.9969;2.01279;2.03879;2.05395;1.98173;2.02579;2.00051;2.01856;1.98173;2.00773;2.02073;2.00051;1.98534;2.0034;2.01206;1.98823;1.99762;2.06045;2.01712;1.96368;2.01929;1.96729;2.0229;1.99401;2.00412;2.02867;1.9709;1.99184;2.03229;2.00629;1.99473;2.00268;2.01423;2.02362;1.99184;2.03445;1.97379;2.01495;2.03229;1.99401;2.00701;1.95934;2.0164;2.00051;1.99979;1.98318;2.03301;1.9709;1.99112;
4400;1.94993;2.0299;1.98706;2.01133;1.97135;2.00491;1.98777;1.9792;1.99777;2.00348;1.96778;2.00277;1.99063;1.98706;2.00419;2.0349;2.00277;1.99491;2.00634;1.97278;1.96492;2.01133;2.06631;2.02276;1.99206;2.06631;1.99348;2.04204;1.94493;2.00562;2.00705;2.04489;2.00134;1.98063;2.02419;1.99491;1.97635;1.99134;1.96921;2.03918;1.98777;1.99063;2.00205;1.99634;1.98634;2.00919;2.00491;1.99348;2.03704;2.00134;
4450;2.05439;2.02191;2.01274;1.98873;1.97461;1.99368;2.00709;2.01839;2.04874;1.98309;2.02333;1.9965;1.98309;1.97461;1.96755;2.04451;1.95979;1.9379;2.02827;1.98097;1.99226;1.99368;2.01062;2.00991;2.00497;1.99085;2.01415;2.04027;1.96826;1.98309;1.99368;1.98732;1.95697;2.05298;2.02756;2.00497;1.99509;2.00568;1.99932;1.93084;1.99368;2.03392;2.00921;1.96403;1.96403;1.98803;2.05015;2.02121;1.99721;2.01062;
4500;2.00085;1.98409;1.95826;1.99456;1.95686;1.99037;2.02668;2.00992;2.00434;2.00434;1.99386;1.9813;1.9806;1.97501;2.00643;2.00224;2.00503;1.97501;2.00085;1.99386;2.00922;2.01411;1.98549;1.97641;1.9806;2.00922;1.97571;2.0176;1.97571;2.00015;2.00085;1.98409;2.03366;1.95198;1.99247;1.99107;1.97152;2.02319;2.00085;2.02109;2.00294;2.00364;2.00643;1.98828;2.01132;2.00852;2.00783;1.98479;1.99456;1.98968;
4550;2.01131;2.01407;2.01545;2.02236;2.01683;1.96367;2.00026;1.97679;2.00164;2.00924;2.00579;2.03409;2.02236;2.01821;2.02581;2.00164;1.99267;1.98783;1.98783;1.983;1.98162;2.00441;1.983;2.04583;1.95469;2.0334;1.99474;2.00855;2.03202;1.99681;1.99129;1.97955;2.02581;1.99612;1.98852;1.99267;2.02581;1.97126;2.00648;2.02512;2.01614;1.98369;1.99612;2.00786;2.00924;1.99681;1.98438;1.99543;2.02167;2.00026;
4600;1.97442;1.94096;1.98535;2.02223;2.03384;1.99355;1.97306;1.94847;2.00584;1.99013;1.99901;2.02838;2.00925;1.96759;1.98808;2.02496;1.99423;1.96418;2.02428;2.03247;2.0072;1.94984;1.97101;1.97647;1.97306;1.99901;1.97989;2.00994;2.02701;2.00584;2.01062;1.96964;1.96213;2.01062;2.03521;1.96828;2.02769;2.02428;2.00379;1.99286;1.9594;1.9833;2.03725;1.9635;2.01267;1.98876;1.98876;1.98808;2.01745;2.03725;
4650;1.99981;2.01873;2.01265;1.9863;2.00724;2.04237;2.02751;2.00792;1.95725;1.97211;1.98089;1.98427;2.00454;1.98292;2.02346;2.00184;1.98495;1.98832;2.00521;1.98292;1.96806;2.05656;1.98765;1.99305;2.02616;2.00454;2.039;2.02683;1.9863;1.98968;2.00386;1.98697;1.97887;2.03967;1.98832;2.00319;1.98765;1.97211;2.00657;2.01467;2.00049;1.9863;2.01805;2.01738;1.99913;2.00927;2.01535;1.99981;2.02075;2.01332;
4700;1.9899;1.9899;2.028;1.99591;1.98923;1.9792;2.03936;2.00594;1.96851;2.0026;2.00861;1.97586;1.97653;1.94912;1.9645;2.00995;1.99658;2.03736;2.02265;2.01597;1.96383;1.99926;2.00661;1.96049;1.99992;2.02332;2.00193;1.97051;2.00995;2.02466;2.00059;1.9772;1.99057;1.99992;2.02131;2.00861;2.01597;1.96717;1.9792;1.98856;1.97118;1.9645;1.97185;2.0026;1.9792;1.99859;2.03669;1.98789;2.00795;2.05072;
4750;2.01128;2.01393;1.95639;2.01459;1.97821;1.99739;2.03906;2.00996;2.01723;1.96631;2.02715;1.99078;1.98945;1.99673;2.00136;2.0503;1.98945;1.99276;1.9749;2.01856;1.99673;1.98549;1.95374;2.00797;2.00533;1.98416;1.99541;1.97953;2.00996;2.00334;2.00665;1.98747;2.03707;1.99871;1.99938;1.99342;2.00401;2.01657;2.00136;2.00334;2.03774;1.99012;1.98284;1.96498;2.00864;2.01393;2.00864;1.95176;1.99078;2.01062;
4800;2.02502;2.00407;1.9707;2.01651;2.01782;2.01258;1.99164;1.98771;2.01062;1.95761;2.02698;1.99753;1.972;2.02567;1.99622;2.01782;1.9491;1.98771;2.00735;1.98837;1.96415;2.02895;2.03353;1.95433;1.9203;2.0296;2.03942;1.99164;2.00407;1.98313;1.97659;2.0224;1.96939;1.98771;2.03745;1.99622;1.98902;2.00342;1.98051;2.008;2.00604;2.03156;2.00146;1.97135;1.99033;1.99229;2.00146;2.02175;2.04073;1.99818;
4850;1.95362;1.99313;1.99637;1.99378;2.00155;2.00479;1.99507;2.00868;2.03588;2.01256;2.01774;1.9724;1.9724;2.0171;1.986;2.03394;2.02293;1.99378;1.97823;1.98471;2.02487;2.01256;2.0022;1.99766;2.03782;1.99119;2.00997;1.99637;1.9886;1.97499;2.0158;2.01839;1.99831;1.99896;2.0022;2.00932;1.99572;2.00868;2.04042;2.00026;2.03459;2.00803;1.98147;2.0022;1.99831;1.98341;1.94714;2.0294;1.98277;1.98536;
4900;1.99844;1.99908;1.99331;1.97536;1.99074;2.00421;2.01639;1.99459;2.01447;1.98113;1.97664;2.01767;1.99074;1.99267;1.9869;2.00613;2.03242;2.0228;1.9869;1.97151;1.98946;2.03562;1.98882;2.00485;1.96766;2.02729;2.0087;2.01831;2.00998;2.00613;2.05422;2.01895;1.95484;2.00164;1.99972;2.02344;1.98369;2.00357;2.02537;2.02665;1.9542;1.99203;1.97536;1.99331;2.00741;1.98433;1.95548;2.05742;1.98369;2.04268;
4950;2.00046;2.01824;2.03474;2.00554;2.00237;2.01189;2.00364;1.97825;2.0157;1.97444;2.02014;2.03918;2.00173;2.01506;1.95604;2.01062;1.99539;2.00872;2.03474;1.97762;2.00237;2.01252;2.04045;1.97825;1.9992;1.97698;2.08107;1.9719;1.98206;1.99158;1.97698;2.0341;2.00681;1.98333;2.01189;1.98269;1.98142;2.02077;1.99602;1.99158;2.01697;1.98206;2.02776;2.00808;2.0157;1.94525;2.00745;2.05378;1.96619;1.99094;
5000;2.00748;2.02256;1.98611;1.9792;2.02821;2.0125;1.98486;2.00434;1.98486;2.01313;1.99303;1.94904;1.99554;2.01062;1.99365;1.93334;2.00685;2.00999;1.97606;1.97732;2.00308;1.97292;1.98486;2.059;1.96412;2.0125;1.9924;1.98172;1.96161;1.99177;1.97481;1.98926;1.99805;2.01062;2.01627;2.01188;2.00119;2.0125;2.00496;2.00119;2.00748;2.00873;1.99742;2.0257;1.98737;2.03135;1.9924;2.01879;1.9836;2.00371;
